0110111111101001000000011110100101101110011101100111100011110101 1010010101001101111011011110011100110111101110100001000111010011
1110110110111000001010011001101101101110011101100111100011110101 0100011001100011010010110001000110011100000100011011010100000010
1101010110111000010100110110001011010111111011111000010000111111 0001011001100001100101001010111111101000000100010000000111101000
0001101000001000110100110011000011010111111011111000010000111111 1011101101110010100001110010100000011101010000011110100000111111
1001011010101101110100010100000111000111010110100011110001100111 0010110100001111001110011110010100010011010000101001111000111100
1101101101101000100101000001101111000111010110100011110001100111 0101100010100010000110000001010111000100100011001010010110001000
0001011000011010100100110011000110101110000100000101000101001110 0000011000000101110010001101001001011010110001101001100101100001
0001111010001101111100110010101110101110000100000101000101001110 1010111011000001100101101011010010010100001101100100110001110111
0011110100011001011011110000111110101111100001001011010010011111 1101100101010010001001101110100100100010001101000010100010100100
0111111011111001111111110000101010101111100001001011010010011111 0110110101111101111101010101110101010000001010100111011100100010
1011000001111000110000101110100101100110111000111010101110010000 0011000001100001101001011110111101100000111101001010101011111011
1011101011010011111001010001101001100110111000111010101110010000 1101001110001111001011011111001010110100111011011010100101011001
1000000101010100011010101111101010100110110011011000010011110110 0100011010100110011000111110110111110010001001011100010000000010
0101111001001011110111101010110010100110110011011000010011110110 0011110110001101110110010001000110001110111001101100000010100111
0100001111011001110101011001101111011111110011001101111110000011 0011110001001101000001001001111001110010101000000001000011001001
1100011111000010111000101101000111011111110011001101111110000011 1011010110110001111111001111101100111101101000110101010110100000
0001000000001010101110111000111110010010001110111100100110111011 0110111010011110000100100010101000110010010000111000010111000101
0010101101100101001001111100101010010010001110111100100110111011 0100101001010100101001100111101111010100110100010010000001111010
1111110100011010010111011110100111100011111110001110100110010010 1111010101011111110110110110100001000110100110100010001000111110
0000000111100101111000011111010011100011111110001110100110010010 1000001101011011111110111101100101001001100000110001111011101010